goal1: [49.899845782756266,8.900186960520493]
goal2: [49.8997549360027,8.899923717380394]
goal3: [49.899894077327,8.900101175686668]
goal4: [49.90010253533708,8.900107528820076]
goal5: [49.90035036135141,8.900003913713483]
goal6: [49.900401101240206,8.899511134082251]
goal7: [49.900241493997136,8.900865594803125]
